0.0000999
0.0001046329
0.00010959
0.0001147819
0.0001202199
0.0001259154
0.0001318808
0.0001381288
0.0001446728
0.0001515269
0.0001587056
0.0001662245
0.0001740996
0.0001823477
0.0001909867
0.0002000349
0.0002095118
0.0002194377
0.0002298338
0.0002407224
0.0002521269
0.0002640717
0.0002765824
0.0002896858
0.00030341
0.0003177844
0.0003328399
0.0003486085
0.0003651243
0.0003824225
0.0004005402
0.0004195162
0.0004393913
0.000460208
0.0004820108
0.0005048467
0.0005287644
0.0005538152
0.0005800528
0.0006075335
0.0006363161
0.0006664623
0.0006980368
0.0007311071
0.0007657441
0.0008020221
0.0008400189
0.0008798157
0.000921498
0.0009651551
0.00101088
0.001058772
0.001108933
0.00116147
0.001216496
0.001274128
0.001334492
0.001397715
0.001463933
0.001533289
0.00160593
0.001682013
0.0017617
0.001845163
0.00193258
0.002024138
0.002120034
0.002220473
0.00232567
0.002435852
0.002551253
0.002672121
0.002798716
0.002931309
0.003070183
0.003215636
0.003367981
0.003527543
0.003694664
0.003869703
0.004053035
0.004245052
0.004446167
0.004656809
0.004877431
0.005108505
0.005350526
0.005604013
0.00586951
0.006147585
0.006438834
0.006743881
0.00706338
0.007398016
0.007748506
0.0081156
0.008500086
0.008902788
0.009324568
0.00976633
0.01022902
0.01071363
0.0112212
0.01175282
0.01230963
0.01289281
0.01350362
0.01414337
0.01481343
0.01551523
0.01625028
0.01702016
0.01782651
0.01867106
0.01955562
0.0204821
0.02145246
0.02246879
0.02353328
0.02464819
0.02581593
0.02703899
0.02832
0.02966169
0.03106695
0.03253878
0.03408034
0.03569494
0.03738603
0.03915723
0.04101235
0.04295536
0.04499042
0.04712189
0.04935435
0.05169257
0.05414156
0.05670658
0.05939312
0.06220694
0.06515407
0.06824082
0.0714738
0.07485996
0.07840654
0.08212114
0.08601172
0.09008663
0.09435459
0.09882474
0.1035067
0.1084104
0.1135465
0.1189259
0.1245602
0.1304613
0.1366421
0.1431157
0.1498959
0.1569974
0.1644354
0.1722257
0.1803851
0.188931
0.1978819
0.2072567
0.2170758
0.22736
0.2381314
0.2494132
0.2612294
0.2736055
0.2865679
0.3001443
0.314364
0.3292574
0.3448563
0.3611943
0.3783063
0.396229
0.4150008
0.434662
0.4552546
0.4768228
0.4994128
0.5230731
0.5478543
0.5738095
0.6009944
0.6294673
0.659289
0.6905236
0.7232379
0.7575022
0.7933897
0.8309775
0.870346
0.9115797
0.9547668
1.
